species,year,annual,cumulative,case
Biogenic CO2,2025,237180.0647352521,237180.0647352521,GEN
Biogenic CO2,2026,3952.3610300038913,241132.425765256,GEN
Biogenic CO2,2027,3803.7889538771865,244936.21471913316,GEN
Biogenic CO2,2028,3655.2722552836544,248591.48697441682,GEN
Biogenic CO2,2029,3508.6035040962047,252100.09047851304,GEN
Biogenic CO2,2030,3365.5180686120852,255465.6085471251,GEN
Biogenic CO2,2031,3222.548543129591,258688.1570902547,GEN
Biogenic CO2,2032,3081.4449357357244,261769.60202599043,GEN
Biogenic CO2,2033,2943.8996374690655,264713.50166345946,GEN
Biogenic CO2,2034,2806.532272884558,267520.033936344,GEN
Biogenic CO2,2035,2671.0500095023167,270191.08394584636,GEN
Biogenic CO2,2036,2539.1019615247205,272730.1859073711,GEN
Biogenic CO2,2037,2407.39550176223,275137.58140913333,GEN
Biogenic CO2,2038,2277.594666196551,277415.1760753299,GEN
Biogenic CO2,2039,2151.3049787799505,279566.4810541098,GEN
Biogenic CO2,2040,2546.51660005669,282112.99765416654,GEN
Biogenic CO2,2041,1915.2423613694125,284028.2400155359,GEN
Biogenic CO2,2042,1806.8329993221923,285835.0730148581,GEN
Biogenic CO2,2043,1700.1009391098826,287535.173953968,GEN
Biogenic CO2,2044,1595.0530522777146,289130.2270062457,GEN
Biogenic CO2,2045,1491.6963812569736,290621.92338750267,GEN
Biogenic CO2,2046,1412.7816991929844,292034.70508669567,GEN
Biogenic CO2,2047,1335.113436080051,293369.8185227757,GEN
Biogenic CO2,2048,1258.6969550646866,294628.5154778404,GEN
Biogenic CO2,2049,1183.5377571138836,295812.0532349543,GEN
Biogenic CO2,2050,3151.301163756571,298963.3543987109,GEN
Biogenic CO2,2051,1062.3709344122165,300025.72533312306,GEN
Biogenic CO2,2052,1015.8263341878792,301041.55166731094,GEN
Biogenic CO2,2053,970.0109022389952,302011.56256954995,GEN
Biogenic CO2,2054,924.9279417424926,302936.4905112924,GEN
Biogenic CO2,2055,1175.5760841511967,304112.06659544364,GEN
Biogenic CO2,2056,870.4759481784685,304982.5425436221,GEN
Biogenic CO2,2057,860.3332341143426,305842.8757777365,GEN
Biogenic CO2,2058,850.1519246165901,306693.027702353,GEN
Biogenic CO2,2059,839.9312206945763,307532.95892304764,GEN
Biogenic CO2,2060,829.6703018644033,308362.62922491203,GEN
Biogenic CO2,2061,819.3683255503039,309181.9975504623,GEN
Biogenic CO2,2062,809.0244264683679,309991.0219769307,GEN
Biogenic CO2,2063,798.637715991854,310789.65969292255,GEN
Biogenic CO2,2064,788.2072814972125,311577.86697441974,GEN
Biogenic CO2,2065,777.7321856898569,312355.59916010965,GEN
Biogenic CO2,2066,767.2114659085603,313122.81062601815,GEN
Biogenic CO2,2067,756.6441334071937,313879.45475942537,GEN
Biogenic CO2,2068,746.0291726122886,314625.48393203766,GEN
Biogenic CO2,2069,735.3655403546513,315360.8494723923,GEN
Biogenic CO2,2070,967.4111803970084,316328.2606527893,GEN
Biogenic CO2,2071,713.8879459863606,317042.1485987757,GEN
Biogenic CO2,2072,703.0717522343193,317745.22035101,GEN
Biogenic CO2,2073,692.2024219777418,318437.42277298775,GEN
Biogenic CO2,2074,681.2787614590135,319118.70153444674,GEN
Biogenic CO2,2075,518.9305777646568,319637.63211221143,GEN
Biogenic CO2,2076,0.0,319637.63211221143,GEN
Biogenic CO2,2077,0.0,319637.63211221143,GEN
Biogenic CO2,2078,0.0,319637.63211221143,GEN
Biogenic CO2,2079,0.0,319637.63211221143,GEN
Biogenic CO2,2080,0.0,319637.63211221143,GEN
Biogenic CO2,2081,0.0,319637.63211221143,GEN
Biogenic CO2,2082,0.0,319637.63211221143,GEN
Biogenic CO2,2083,0.0,319637.63211221143,GEN
Biogenic CO2,2084,0.0,319637.63211221143,GEN
Biogenic CO2,2085,0.0,319637.63211221143,GEN
Biogenic CO2,2086,0.0,319637.63211221143,GEN
Biogenic CO2,2087,0.0,319637.63211221143,GEN
Biogenic CO2,2088,0.0,319637.63211221143,GEN
Biogenic CO2,2089,0.0,319637.63211221143,GEN
Biogenic CO2,2090,0.0,319637.63211221143,GEN
Biogenic CO2,2091,0.0,319637.63211221143,GEN
Biogenic CO2,2092,0.0,319637.63211221143,GEN
Biogenic CO2,2093,0.0,319637.63211221143,GEN
Biogenic CO2,2094,0.0,319637.63211221143,GEN
Biogenic CO2,2095,0.0,319637.63211221143,GEN
Biogenic CO2,2096,0.0,319637.63211221143,GEN
Biogenic CO2,2097,0.0,319637.63211221143,GEN
Biogenic CO2,2098,0.0,319637.63211221143,GEN
Biogenic CO2,2099,0.0,319637.63211221143,GEN
Biogenic CO2,2100,0.0,319637.63211221143,GEN
Biogenic CO2,2101,0.0,319637.63211221143,GEN
Biogenic CO2,2102,0.0,319637.63211221143,GEN
Biogenic CO2,2103,0.0,319637.63211221143,GEN
Biogenic CO2,2104,0.0,319637.63211221143,GEN
Biogenic CO2,2105,0.0,319637.63211221143,GEN
Biogenic CO2,2106,0.0,319637.63211221143,GEN
Biogenic CO2,2107,0.0,319637.63211221143,GEN
Biogenic CO2,2108,0.0,319637.63211221143,GEN
Biogenic CO2,2109,0.0,319637.63211221143,GEN
Biogenic CO2,2110,0.0,319637.63211221143,GEN
Biogenic CO2,2111,0.0,319637.63211221143,GEN
Biogenic CO2,2112,0.0,319637.63211221143,GEN
Biogenic CO2,2113,0.0,319637.63211221143,GEN
Biogenic CO2,2114,0.0,319637.63211221143,GEN
Biogenic CO2,2115,0.0,319637.63211221143,GEN
Biogenic CO2,2116,0.0,319637.63211221143,GEN
Biogenic CO2,2117,0.0,319637.63211221143,GEN
Biogenic CO2,2118,0.0,319637.63211221143,GEN
Biogenic CO2,2119,0.0,319637.63211221143,GEN
Biogenic CO2,2120,0.0,319637.63211221143,GEN
Biogenic CO2,2121,0.0,319637.63211221143,GEN
Biogenic CO2,2122,0.0,319637.63211221143,GEN
Biogenic CO2,2123,0.0,319637.63211221143,GEN
Biogenic CO2,2124,0.0,319637.63211221143,GEN
CO2 in air,2025,226131.50018957347,226131.50018957347,GEN
CO2 in air,2026,6035.767550059808,232167.26773963327,GEN
CO2 in air,2027,5726.764766598171,237894.03250623145,GEN
CO2 in air,2028,5417.938588661357,243311.97109489283,GEN
CO2 in air,2029,5113.2855864629555,248425.25668135576,GEN
CO2 in air,2030,4816.674848685145,253241.93153004092,GEN
CO2 in air,2031,4520.3783314990205,257762.30986153992,GEN
CO2 in air,2032,4228.2978034132075,261990.60766495313,GEN
CO2 in air,2033,3944.206627230888,265934.814292184,GEN
CO2 in air,2034,3660.570826290003,269595.385118474,GEN
CO2 in air,2035,3381.1967519296472,272976.58187040366,GEN
CO2 in air,2036,3109.761379418161,276086.34324982186,GEN
CO2 in air,2037,2838.926405985602,278925.26965580747,GEN
CO2 in air,2038,2572.4021236725885,281497.67177948,GEN
CO2 in air,2039,2313.768428237963,283811.440207718,GEN
CO2 in air,2040,2619.1410200847863,286430.5812278028,GEN
CO2 in air,2041,1947.8041758770496,288378.3854036798,GEN
CO2 in air,2042,1841.3504190803776,290219.7358227602,GEN
CO2 in air,2043,1736.529614301453,291956.26543706167,GEN
CO2 in air,2044,1633.3484181544536,293589.6138552161,GEN
CO2 in air,2045,1531.8136527246206,295121.42750794074,GEN
CO2 in air,2046,1474.7803155522697,296596.207823493,GEN
CO2 in air,2047,1418.54204640502,298014.749869898,GEN
CO2 in air,2048,1363.1020015982738,299377.8518714963,GEN
CO2 in air,2049,1308.4634182415937,300686.3152897379,GEN
CO2 in air,2050,4392.398309356335,305078.71359909425,GEN
CO2 in air,2051,1224.6998719827072,306303.4134710769,GEN
CO2 in air,2052,1195.082032964069,307498.495504041,GEN
CO2 in air,2053,1165.777062793282,308664.2725668343,GEN
CO2 in air,2054,1136.785949977275,309801.0585168116,GEN
CO2 in air,2055,1550.9929077697277,311352.05142458127,GEN
CO2 in air,2056,1095.3938595009467,312447.4452840822,GEN
CO2 in air,2057,1082.6304204561732,313530.0757045384,GEN
CO2 in air,2058,1069.8184134973892,314599.8941180358,GEN
CO2 in air,2059,1056.95683318678,315656.8509512226,GEN
CO2 in air,2060,1044.0446470397312,316700.8955982623,GEN
CO2 in air,2061,1031.080794771552,317731.97639303387,GEN
CO2 in air,2062,1018.064187521966,318750.0405805558,GEN
CO2 in air,2063,1004.9937070564278,319755.03428761224,GEN
CO2 in air,2064,991.8682049431694,320746.90249255544,GEN
CO2 in air,2065,978.6865017047602,321725.5889942602,GEN
CO2 in air,2066,965.4473859427704,322691.036380203,GEN
CO2 in air,2067,952.1496134339218,323643.1859936369,GEN
CO2 in air,2068,938.7919061958138,324581.9778998327,GEN
CO2 in air,2069,925.372951520001,325507.3508513527,GEN
CO2 in air,2070,1276.3511438532462,326783.70199520595,GEN
CO2 in air,2071,898.3458693391451,327682.0478645451,GEN
CO2 in air,2072,884.7349335700969,328566.78279811516,GEN
CO2 in air,2073,871.0571316217978,329437.839929737,GEN
CO2 in air,2074,857.3109612875951,330295.15089102456,GEN
CO2 in air,2075,632.818202997884,330927.96909402247,GEN
CO2 in air,2076,0.0,330927.96909402247,GEN
CO2 in air,2077,0.0,330927.96909402247,GEN
CO2 in air,2078,0.0,330927.96909402247,GEN
CO2 in air,2079,0.0,330927.96909402247,GEN
CO2 in air,2080,0.0,330927.96909402247,GEN
CO2 in air,2081,0.0,330927.96909402247,GEN
CO2 in air,2082,0.0,330927.96909402247,GEN
CO2 in air,2083,0.0,330927.96909402247,GEN
CO2 in air,2084,0.0,330927.96909402247,GEN
CO2 in air,2085,0.0,330927.96909402247,GEN
CO2 in air,2086,0.0,330927.96909402247,GEN
CO2 in air,2087,0.0,330927.96909402247,GEN
CO2 in air,2088,0.0,330927.96909402247,GEN
CO2 in air,2089,0.0,330927.96909402247,GEN
CO2 in air,2090,0.0,330927.96909402247,GEN
CO2 in air,2091,0.0,330927.96909402247,GEN
CO2 in air,2092,0.0,330927.96909402247,GEN
CO2 in air,2093,0.0,330927.96909402247,GEN
CO2 in air,2094,0.0,330927.96909402247,GEN
CO2 in air,2095,0.0,330927.96909402247,GEN
CO2 in air,2096,0.0,330927.96909402247,GEN
CO2 in air,2097,0.0,330927.96909402247,GEN
CO2 in air,2098,0.0,330927.96909402247,GEN
CO2 in air,2099,0.0,330927.96909402247,GEN
CO2 in air,2100,0.0,330927.96909402247,GEN
CO2 in air,2101,0.0,330927.96909402247,GEN
CO2 in air,2102,0.0,330927.96909402247,GEN
CO2 in air,2103,0.0,330927.96909402247,GEN
CO2 in air,2104,0.0,330927.96909402247,GEN
CO2 in air,2105,0.0,330927.96909402247,GEN
CO2 in air,2106,0.0,330927.96909402247,GEN
CO2 in air,2107,0.0,330927.96909402247,GEN
CO2 in air,2108,0.0,330927.96909402247,GEN
CO2 in air,2109,0.0,330927.96909402247,GEN
CO2 in air,2110,0.0,330927.96909402247,GEN
CO2 in air,2111,0.0,330927.96909402247,GEN
CO2 in air,2112,0.0,330927.96909402247,GEN
CO2 in air,2113,0.0,330927.96909402247,GEN
CO2 in air,2114,0.0,330927.96909402247,GEN
CO2 in air,2115,0.0,330927.96909402247,GEN
CO2 in air,2116,0.0,330927.96909402247,GEN
CO2 in air,2117,0.0,330927.96909402247,GEN
CO2 in air,2118,0.0,330927.96909402247,GEN
CO2 in air,2119,0.0,330927.96909402247,GEN
CO2 in air,2120,0.0,330927.96909402247,GEN
CO2 in air,2121,0.0,330927.96909402247,GEN
CO2 in air,2122,0.0,330927.96909402247,GEN
CO2 in air,2123,0.0,330927.96909402247,GEN
CO2 in air,2124,0.0,330927.96909402247,GEN
Fossil CH4,2025,245963.69934284812,245963.69934284812,GEN
Fossil CH4,2026,34026.55940903611,279990.2587518842,GEN
Fossil CH4,2027,31803.030205504663,311793.2889573889,GEN
Fossil CH4,2028,29545.86326087943,341339.1522182683,GEN
Fossil CH4,2029,27288.74629791984,368627.89851618814,GEN
Fossil CH4,2030,25065.36484369455,393693.2633598827,GEN
Fossil CH4,2031,22808.37689097619,416501.6402508589,GEN
Fossil CH4,2032,20551.471676532263,437053.11192739115,GEN
Fossil CH4,2033,18328.3357372564,455381.4476646476,GEN
Fossil CH4,2034,16071.638449945434,471453.086114593,GEN
Fossil CH4,2035,13815.071433804382,485268.1575483974,GEN
Fossil CH4,2036,11592.322996074658,496860.48054447206,GEN
Fossil CH4,2037,9336.0777026078,506196.55824707984,GEN
Fossil CH4,2038,7080.0307993878005,513276.5890464676,GEN
Fossil CH4,2039,4857.873480214896,518134.46252668253,GEN
Fossil CH4,2040,3103.209854063408,521237.67238074593,GEN
Fossil CH4,2041,2325.849494779933,523563.5218755259,GEN
Fossil CH4,2042,2049.4150520841745,525612.9369276101,GEN
Fossil CH4,2043,1773.0114864247842,527385.9484140348,GEN
Fossil CH4,2044,1496.6436037084188,528882.5920177433,GEN
Fossil CH4,2045,1220.3168184029223,530102.9088361462,GEN
Fossil CH4,2046,1125.889771549325,531228.7986076955,GEN
Fossil CH4,2047,1031.4733910410412,532260.2719987365,GEN
Fossil CH4,2048,937.0696147173084,533197.3416134538,GEN
Fossil CH4,2049,842.6806397547384,534040.0222532086,GEN
Fossil CH4,2050,2971.2972016440294,537011.3194548526,GEN
Fossil CH4,2051,734.1820030554129,537745.5014579081,GEN
Fossil CH4,2052,720.0490748665316,538465.5505327745,GEN
Fossil CH4,2053,705.9098658857818,539171.4603986604,GEN
Fossil CH4,2054,691.7640663583161,539863.2244650186,GEN
Fossil CH4,2055,1067.0977270166625,540930.3221920353,GEN
Fossil CH4,2056,677.4378334606346,541607.760025496,GEN
Fossil CH4,2057,677.2489592377893,542285.0089847337,GEN
Fossil CH4,2058,677.0433809202367,542962.052365654,GEN
Fossil CH4,2059,676.8196211926723,543638.8719868467,GEN
Fossil CH4,2060,676.5760720855698,544315.4480589322,GEN
Fossil CH4,2061,676.3109834200792,544991.7590423523,GEN
Fossil CH4,2062,676.0224502309926,545667.7814925833,GEN
Fossil CH4,2063,675.7083990773892,546343.4898916606,GEN
Fossil CH4,2064,675.366573142592,547018.8564648033,GEN
Fossil CH4,2065,674.9945160163578,547693.8509808197,GEN
Fossil CH4,2066,674.5895540427628,548368.4405348625,GEN
Fossil CH4,2067,674.1487771069253,549042.5893119694,GEN
Fossil CH4,2068,673.6690177225032,549716.2583296918,GEN
Fossil CH4,2069,673.146828269682,550389.4051579615,GEN
Fossil CH4,2070,1059.1719432736904,551448.5771012352,GEN
Fossil CH4,2071,671.9598171705633,552120.5369184058,GEN
Fossil CH4,2072,671.2864654920911,552791.8233838979,GEN
Fossil CH4,2073,670.5535623828358,553462.3769462807,GEN
Fossil CH4,2074,669.7558410958329,554132.1327873765,GEN
Fossil CH4,2075,-1515.7680084539716,552616.3647789225,GEN
Fossil CH4,2076,0.0,552616.3647789225,GEN
Fossil CH4,2077,0.0,552616.3647789225,GEN
Fossil CH4,2078,0.0,552616.3647789225,GEN
Fossil CH4,2079,0.0,552616.3647789225,GEN
Fossil CH4,2080,0.0,552616.3647789225,GEN
Fossil CH4,2081,0.0,552616.3647789225,GEN
Fossil CH4,2082,0.0,552616.3647789225,GEN
Fossil CH4,2083,0.0,552616.3647789225,GEN
Fossil CH4,2084,0.0,552616.3647789225,GEN
Fossil CH4,2085,0.0,552616.3647789225,GEN
Fossil CH4,2086,0.0,552616.3647789225,GEN
Fossil CH4,2087,0.0,552616.3647789225,GEN
Fossil CH4,2088,0.0,552616.3647789225,GEN
Fossil CH4,2089,0.0,552616.3647789225,GEN
Fossil CH4,2090,0.0,552616.3647789225,GEN
Fossil CH4,2091,0.0,552616.3647789225,GEN
Fossil CH4,2092,0.0,552616.3647789225,GEN
Fossil CH4,2093,0.0,552616.3647789225,GEN
Fossil CH4,2094,0.0,552616.3647789225,GEN
Fossil CH4,2095,0.0,552616.3647789225,GEN
Fossil CH4,2096,0.0,552616.3647789225,GEN
Fossil CH4,2097,0.0,552616.3647789225,GEN
Fossil CH4,2098,0.0,552616.3647789225,GEN
Fossil CH4,2099,0.0,552616.3647789225,GEN
Fossil CH4,2100,0.0,552616.3647789225,GEN
Fossil CH4,2101,0.0,552616.3647789225,GEN
Fossil CH4,2102,0.0,552616.3647789225,GEN
Fossil CH4,2103,0.0,552616.3647789225,GEN
Fossil CH4,2104,0.0,552616.3647789225,GEN
Fossil CH4,2105,0.0,552616.3647789225,GEN
Fossil CH4,2106,0.0,552616.3647789225,GEN
Fossil CH4,2107,0.0,552616.3647789225,GEN
Fossil CH4,2108,0.0,552616.3647789225,GEN
Fossil CH4,2109,0.0,552616.3647789225,GEN
Fossil CH4,2110,0.0,552616.3647789225,GEN
Fossil CH4,2111,0.0,552616.3647789225,GEN
Fossil CH4,2112,0.0,552616.3647789225,GEN
Fossil CH4,2113,0.0,552616.3647789225,GEN
Fossil CH4,2114,0.0,552616.3647789225,GEN
Fossil CH4,2115,0.0,552616.3647789225,GEN
Fossil CH4,2116,0.0,552616.3647789225,GEN
Fossil CH4,2117,0.0,552616.3647789225,GEN
Fossil CH4,2118,0.0,552616.3647789225,GEN
Fossil CH4,2119,0.0,552616.3647789225,GEN
Fossil CH4,2120,0.0,552616.3647789225,GEN
Fossil CH4,2121,0.0,552616.3647789225,GEN
Fossil CH4,2122,0.0,552616.3647789225,GEN
Fossil CH4,2123,0.0,552616.3647789225,GEN
Fossil CH4,2124,0.0,552616.3647789225,GEN
Fossil CO2,2025,2885454.392635413,2885454.392635413,GEN
Fossil CO2,2026,243288.80941362737,3128743.2020490402,GEN
Fossil CO2,2027,226252.0936748303,3354995.295723871,GEN
Fossil CO2,2028,209227.63164195657,3564222.9273658274,GEN
Fossil CO2,2029,192446.7659552691,3756669.6933210962,GEN
Fossil CO2,2030,176133.46187986963,3932803.155200966,GEN
Fossil CO2,2031,159840.4789301354,4092643.6341311014,GEN
Fossil CO2,2032,143793.67558591504,4236437.309717016,GEN
Fossil CO2,2033,128211.4795372389,4364648.789254256,GEN
Fossil CO2,2034,112657.88513637568,4477306.674390631,GEN
Fossil CO2,2035,97353.2313088899,4574659.905699521,GEN
Fossil CO2,2036,82510.3701087676,4657170.275808289,GEN
Fossil CO2,2037,67704.62395865307,4724874.899766942,GEN
Fossil CO2,2038,53150.77531215274,4778025.675079094,GEN
Fossil CO2,2039,39056.060791462834,4817081.735870557,GEN
Fossil CO2,2040,29587.75986819226,4846669.495738749,GEN
Fossil CO2,2041,22259.641812469526,4868929.137551219,GEN
Fossil CO2,2042,19558.98272553372,4888488.120276753,GEN
Fossil CO2,2043,16905.45283288135,4905393.573109634,GEN
Fossil CO2,2044,14299.257818928552,4919692.830928562,GEN
Fossil CO2,2045,11740.608509714097,4931433.439438277,GEN
Fossil CO2,2046,10778.457236470666,4942211.896674748,GEN
Fossil CO2,2047,9833.005101038369,4952044.901775786,GEN
Fossil CO2,2048,8904.327718587529,4960949.229494373,GEN
Fossil CO2,2049,7992.502651911417,4968941.732146285,GEN
Fossil CO2,2050,24367.619458836216,4993309.351605121,GEN
Fossil CO2,2051,6858.3959485317155,5000167.747553652,GEN
Fossil CO2,2052,6622.459440508114,5006790.206994161,GEN
Fossil CO2,2053,6389.813349652202,5013180.020343813,GEN
Fossil CO2,2054,6160.471430412375,5019340.491774226,GEN
Fossil CO2,2055,8931.46248550287,5028271.954259728,GEN
Fossil CO2,2056,5866.348459307977,5034138.302719036,GEN
Fossil CO2,2057,5797.994250156309,5039936.296969192,GEN
Fossil CO2,2058,5729.379937020076,5045665.676906212,GEN
Fossil CO2,2059,5660.500135307673,5051326.17704152,GEN
Fossil CO2,2060,5591.34931557919,5056917.526357099,GEN
Fossil CO2,2061,5521.921799512253,5062439.448156612,GEN
Fossil CO2,2062,5452.2117557488,5067891.659912361,GEN
Fossil CO2,2063,5382.213195617782,5073273.873107978,GEN
Fossil CO2,2064,5311.919968727833,5078585.793076706,GEN
Fossil CO2,2065,5241.325758423489,5083827.11883513,GEN
Fossil CO2,2066,5170.424077097347,5088997.542912227,GEN
Fossil CO2,2067,5099.208261349527,5094096.751173576,GEN
Fossil CO2,2068,5027.6714669842,5099124.42264056,GEN
Fossil CO2,2069,4955.8066638312575,5104080.229304392,GEN
Fossil CO2,2070,7349.925523544971,5111430.154827937,GEN
Fossil CO2,2071,4811.06394819883,5116241.218776136,GEN
Fossil CO2,2072,4738.170996146977,5120979.389772283,GEN
Fossil CO2,2073,4664.919944308253,5125644.309716591,GEN
Fossil CO2,2074,4591.30274766067,5130235.612464252,GEN
Fossil CO2,2075,-69680.94048481376,5060554.671979438,GEN
Fossil CO2,2076,0.0,5060554.671979438,GEN
Fossil CO2,2077,0.0,5060554.671979438,GEN
Fossil CO2,2078,0.0,5060554.671979438,GEN
Fossil CO2,2079,0.0,5060554.671979438,GEN
Fossil CO2,2080,0.0,5060554.671979438,GEN
Fossil CO2,2081,0.0,5060554.671979438,GEN
Fossil CO2,2082,0.0,5060554.671979438,GEN
Fossil CO2,2083,0.0,5060554.671979438,GEN
Fossil CO2,2084,0.0,5060554.671979438,GEN
Fossil CO2,2085,0.0,5060554.671979438,GEN
Fossil CO2,2086,0.0,5060554.671979438,GEN
Fossil CO2,2087,0.0,5060554.671979438,GEN
Fossil CO2,2088,0.0,5060554.671979438,GEN
Fossil CO2,2089,0.0,5060554.671979438,GEN
Fossil CO2,2090,0.0,5060554.671979438,GEN
Fossil CO2,2091,0.0,5060554.671979438,GEN
Fossil CO2,2092,0.0,5060554.671979438,GEN
Fossil CO2,2093,0.0,5060554.671979438,GEN
Fossil CO2,2094,0.0,5060554.671979438,GEN
Fossil CO2,2095,0.0,5060554.671979438,GEN
Fossil CO2,2096,0.0,5060554.671979438,GEN
Fossil CO2,2097,0.0,5060554.671979438,GEN
Fossil CO2,2098,0.0,5060554.671979438,GEN
Fossil CO2,2099,0.0,5060554.671979438,GEN
Fossil CO2,2100,0.0,5060554.671979438,GEN
Fossil CO2,2101,0.0,5060554.671979438,GEN
Fossil CO2,2102,0.0,5060554.671979438,GEN
Fossil CO2,2103,0.0,5060554.671979438,GEN
Fossil CO2,2104,0.0,5060554.671979438,GEN
Fossil CO2,2105,0.0,5060554.671979438,GEN
Fossil CO2,2106,0.0,5060554.671979438,GEN
Fossil CO2,2107,0.0,5060554.671979438,GEN
Fossil CO2,2108,0.0,5060554.671979438,GEN
Fossil CO2,2109,0.0,5060554.671979438,GEN
Fossil CO2,2110,0.0,5060554.671979438,GEN
Fossil CO2,2111,0.0,5060554.671979438,GEN
Fossil CO2,2112,0.0,5060554.671979438,GEN
Fossil CO2,2113,0.0,5060554.671979438,GEN
Fossil CO2,2114,0.0,5060554.671979438,GEN
Fossil CO2,2115,0.0,5060554.671979438,GEN
Fossil CO2,2116,0.0,5060554.671979438,GEN
Fossil CO2,2117,0.0,5060554.671979438,GEN
Fossil CO2,2118,0.0,5060554.671979438,GEN
Fossil CO2,2119,0.0,5060554.671979438,GEN
Fossil CO2,2120,0.0,5060554.671979438,GEN
Fossil CO2,2121,0.0,5060554.671979438,GEN
Fossil CO2,2122,0.0,5060554.671979438,GEN
Fossil CO2,2123,0.0,5060554.671979438,GEN
Fossil CO2,2124,0.0,5060554.671979438,GEN
N2O,2025,73081.97312198539,73081.97312198539,GEN
N2O,2026,1175.944215048006,74257.91733703339,GEN
N2O,2027,1098.376122418955,75356.29345945234,GEN
N2O,2028,1020.584636090233,76376.87809554258,GEN
N2O,2029,943.6511244079104,77320.52921995049,GEN
N2O,2030,868.6296777729744,78189.15889772346,GEN
N2O,2031,793.4417339476628,78982.60063167113,GEN
N2O,2032,719.1486385852161,79701.74927025635,GEN
N2O,2033,646.7836992859885,80348.53296954233,GEN
N2O,2034,574.3111045843698,80922.8440741267,GEN
N2O,2035,502.7716219992671,81425.61569612597,GEN
N2O,2036,433.1771997083244,81858.7928958343,GEN
N2O,2037,363.5359733431138,82222.3288691774,GEN
N2O,2038,294.8675614389734,82517.19643061639,GEN
N2O,2039,228.16196013081537,82745.35839074719,GEN
N2O,2040,238.5089319802431,82983.86732272744,GEN
N2O,2041,148.64965638074364,83132.51697910819,GEN
N2O,2042,136.00139946069112,83268.51837856887,GEN
N2O,2043,123.5301789993473,83392.04855756823,GEN
N2O,2044,111.23849346708433,83503.28705103531,GEN
N2O,2045,99.12887235045964,83602.41592338576,GEN
N2O,2046,94.2012221775612,83696.61714556333,GEN
N2O,2047,89.3374096714006,83785.95455523473,GEN
N2O,2048,84.53835383484862,83870.49290906958,GEN
N2O,2049,79.8049851881538,83950.29789425773,GEN
N2O,2050,581.4762925784387,84531.77418683616,GEN
N2O,2051,73.37115677612529,84605.1453436123,GEN
N2O,2052,71.61787882840993,84676.7632224407,GEN
N2O,2053,69.8786332656345,84746.64185570634,GEN
N2O,2054,68.15364419771322,84814.79549990405,GEN
N2O,2055,125.99177088879225,84940.78727079285,GEN
N2O,2056,65.7498608781281,85006.53713167096,GEN
N2O,2057,65.05019347056009,85071.58732514153,GEN
N2O,2058,64.34407756089507,85135.93140270242,GEN
N2O,2059,63.63145371635272,85199.56285641878,GEN
N2O,2060,62.91226195638914,85262.47511837517,GEN
N2O,2061,62.186441747648125,85324.66156012281,GEN
N2O,2062,61.45393199886636,85386.11549212168,GEN
N2O,2063,60.71467105573137,85446.83016317741,GEN
N2O,2064,59.96859669569217,85506.79875987311,GEN
N2O,2065,59.215646122722056,85566.01440599583,GEN
N2O,2066,58.45575596203322,85624.47016195786,GEN
N2O,2067,57.6888622547425,85682.1590242126,GEN
N2O,2068,56.914900452488155,85739.07392466509,GEN
N2O,2069,56.133805411996775,85795.20773007709,GEN
N2O,2070,104.94806732377192,85900.15579740086,GEN
N2O,2071,54.549952035702965,85954.70574943656,GEN
N2O,2072,53.74706038919559,86008.45280982576,GEN
N2O,2073,52.93676887182074,86061.38957869758,GEN
N2O,2074,52.119009282484136,86113.50858798006,GEN
N2O,2075,-383.9318881492171,85729.57669983085,GEN
N2O,2076,0.0,85729.57669983085,GEN
N2O,2077,0.0,85729.57669983085,GEN
N2O,2078,0.0,85729.57669983085,GEN
N2O,2079,0.0,85729.57669983085,GEN
N2O,2080,0.0,85729.57669983085,GEN
N2O,2081,0.0,85729.57669983085,GEN
N2O,2082,0.0,85729.57669983085,GEN
N2O,2083,0.0,85729.57669983085,GEN
N2O,2084,0.0,85729.57669983085,GEN
N2O,2085,0.0,85729.57669983085,GEN
N2O,2086,0.0,85729.57669983085,GEN
N2O,2087,0.0,85729.57669983085,GEN
N2O,2088,0.0,85729.57669983085,GEN
N2O,2089,0.0,85729.57669983085,GEN
N2O,2090,0.0,85729.57669983085,GEN
N2O,2091,0.0,85729.57669983085,GEN
N2O,2092,0.0,85729.57669983085,GEN
N2O,2093,0.0,85729.57669983085,GEN
N2O,2094,0.0,85729.57669983085,GEN
N2O,2095,0.0,85729.57669983085,GEN
N2O,2096,0.0,85729.57669983085,GEN
N2O,2097,0.0,85729.57669983085,GEN
N2O,2098,0.0,85729.57669983085,GEN
N2O,2099,0.0,85729.57669983085,GEN
N2O,2100,0.0,85729.57669983085,GEN
N2O,2101,0.0,85729.57669983085,GEN
N2O,2102,0.0,85729.57669983085,GEN
N2O,2103,0.0,85729.57669983085,GEN
N2O,2104,0.0,85729.57669983085,GEN
N2O,2105,0.0,85729.57669983085,GEN
N2O,2106,0.0,85729.57669983085,GEN
N2O,2107,0.0,85729.57669983085,GEN
N2O,2108,0.0,85729.57669983085,GEN
N2O,2109,0.0,85729.57669983085,GEN
N2O,2110,0.0,85729.57669983085,GEN
N2O,2111,0.0,85729.57669983085,GEN
N2O,2112,0.0,85729.57669983085,GEN
N2O,2113,0.0,85729.57669983085,GEN
N2O,2114,0.0,85729.57669983085,GEN
N2O,2115,0.0,85729.57669983085,GEN
N2O,2116,0.0,85729.57669983085,GEN
N2O,2117,0.0,85729.57669983085,GEN
N2O,2118,0.0,85729.57669983085,GEN
N2O,2119,0.0,85729.57669983085,GEN
N2O,2120,0.0,85729.57669983085,GEN
N2O,2121,0.0,85729.57669983085,GEN
N2O,2122,0.0,85729.57669983085,GEN
N2O,2123,0.0,85729.57669983085,GEN
N2O,2124,0.0,85729.57669983085,GEN
Biogenic CO2,2025,9611.84575806852,9611.84575806852,REF
Biogenic CO2,2026,8625.817086902312,18237.662844970833,REF
Biogenic CO2,2027,8338.219599424616,26575.88244439545,REF
Biogenic CO2,2028,8050.70188804559,34626.58433244104,REF
Biogenic CO2,2029,7766.614124754722,42393.19845719576,REF
Biogenic CO2,2030,7489.199553748586,49882.39801094435,REF
Biogenic CO2,2031,7211.976703380387,57094.37471432473,REF
Biogenic CO2,2032,6938.216160551353,64032.590874876085,REF
Biogenic CO2,2033,6671.080806932828,70703.67168180892,REF
Biogenic CO2,2034,6404.251809526587,77107.9234913355,REF
Biogenic CO2,2035,6140.91964641057,83248.84313774607,REF
Biogenic CO2,2036,5884.166274050572,89133.00941179664,REF
Biogenic CO2,2037,5627.836837332222,94760.84624912887,REF
Biogenic CO2,2038,5375.041158762207,100135.88740789107,REF
Biogenic CO2,2039,5128.779680824954,105264.66708871603,REF
Biogenic CO2,2040,4883.062940775954,110147.73002949198,REF
Biogenic CO2,2041,4683.259862331964,114830.98989182395,REF
Biogenic CO2,2042,4486.24189825673,119317.23179008067,REF
Biogenic CO2,2043,4292.019646559944,123609.25143664062,REF
Biogenic CO2,2044,4100.6039650442535,127709.85540168486,REF
Biogenic CO2,2045,5453.456925495125,133163.31232718,REF
Biogenic CO2,2046,3774.205234503843,136937.51756168384,REF
Biogenic CO2,2047,3638.276330063344,140575.7938917472,REF
Biogenic CO2,2048,3504.226558484423,144080.02045023162,REF
Biogenic CO2,2049,3372.0633977607035,147452.0838479923,REF
Biogenic CO2,2050,3241.794518922366,150693.87836691467,REF
Biogenic CO2,2051,3154.327509053275,153848.20587596795,REF
Biogenic CO2,2052,3067.885685071936,156916.09156103988,REF
Biogenic CO2,2053,2982.472687101998,159898.5642481419,REF
Biogenic CO2,2054,2898.0922525603464,162796.65650070223,REF
Biogenic CO2,2055,2814.7482197802155,165611.40472048245,REF
Biogenic CO2,2056,2782.448243929848,168393.8529644123,REF
Biogenic CO2,2057,2750.0273861273267,171143.88035053964,REF
Biogenic CO2,2058,2717.4831592682062,173861.36350980782,REF
Biogenic CO2,2059,2684.813009404739,176546.17651921257,REF
Biogenic CO2,2060,2652.014313886655,179198.19083309922,REF
Biogenic CO2,2061,2619.0843794477355,181817.27521254696,REF
Biogenic CO2,2062,2586.0204402359195,184403.29565278286,REF
Biogenic CO2,2063,2552.81965578454,186956.11530856742,REF
Biogenic CO2,2064,2519.4791089219057,189475.5944174893,REF
Biogenic CO2,2065,3717.039439238259,193192.6338567276,REF
Biogenic CO2,2066,2452.3666627517755,195645.00051947936,REF
Biogenic CO2,2067,2418.5885258337157,198063.58904531307,REF
Biogenic CO2,2068,2384.6581466141943,200448.24719192728,REF
Biogenic CO2,2069,2350.5721906365875,202798.81938256384,REF
Biogenic CO2,2070,2316.327232689547,205115.1466152534,REF
Biogenic CO2,2071,2281.9197541632534,207397.06636941666,REF
Biogenic CO2,2072,2247.3461402979315,209644.41250971457,REF
Biogenic CO2,2073,2212.6026773126596,211857.01518702725,REF
Biogenic CO2,2074,2177.6855493997928,214034.70073642704,REF
Biogenic CO2,2075,2097.596409845662,216132.2971462727,REF
Biogenic CO2,2076,0.0,216132.2971462727,REF
Biogenic CO2,2077,0.0,216132.2971462727,REF
Biogenic CO2,2078,0.0,216132.2971462727,REF
Biogenic CO2,2079,0.0,216132.2971462727,REF
Biogenic CO2,2080,0.0,216132.2971462727,REF
Biogenic CO2,2081,0.0,216132.2971462727,REF
Biogenic CO2,2082,0.0,216132.2971462727,REF
Biogenic CO2,2083,0.0,216132.2971462727,REF
Biogenic CO2,2084,0.0,216132.2971462727,REF
Biogenic CO2,2085,0.0,216132.2971462727,REF
Biogenic CO2,2086,0.0,216132.2971462727,REF
Biogenic CO2,2087,0.0,216132.2971462727,REF
Biogenic CO2,2088,0.0,216132.2971462727,REF
Biogenic CO2,2089,0.0,216132.2971462727,REF
Biogenic CO2,2090,0.0,216132.2971462727,REF
Biogenic CO2,2091,0.0,216132.2971462727,REF
Biogenic CO2,2092,0.0,216132.2971462727,REF
Biogenic CO2,2093,0.0,216132.2971462727,REF
Biogenic CO2,2094,0.0,216132.2971462727,REF
Biogenic CO2,2095,0.0,216132.2971462727,REF
Biogenic CO2,2096,0.0,216132.2971462727,REF
Biogenic CO2,2097,0.0,216132.2971462727,REF
Biogenic CO2,2098,0.0,216132.2971462727,REF
Biogenic CO2,2099,0.0,216132.2971462727,REF
Biogenic CO2,2100,0.0,216132.2971462727,REF
Biogenic CO2,2101,0.0,216132.2971462727,REF
Biogenic CO2,2102,0.0,216132.2971462727,REF
Biogenic CO2,2103,0.0,216132.2971462727,REF
Biogenic CO2,2104,0.0,216132.2971462727,REF
Biogenic CO2,2105,0.0,216132.2971462727,REF
Biogenic CO2,2106,0.0,216132.2971462727,REF
Biogenic CO2,2107,0.0,216132.2971462727,REF
Biogenic CO2,2108,0.0,216132.2971462727,REF
Biogenic CO2,2109,0.0,216132.2971462727,REF
Biogenic CO2,2110,0.0,216132.2971462727,REF
Biogenic CO2,2111,0.0,216132.2971462727,REF
Biogenic CO2,2112,0.0,216132.2971462727,REF
Biogenic CO2,2113,0.0,216132.2971462727,REF
Biogenic CO2,2114,0.0,216132.2971462727,REF
Biogenic CO2,2115,0.0,216132.2971462727,REF
Biogenic CO2,2116,0.0,216132.2971462727,REF
Biogenic CO2,2117,0.0,216132.2971462727,REF
Biogenic CO2,2118,0.0,216132.2971462727,REF
Biogenic CO2,2119,0.0,216132.2971462727,REF
Biogenic CO2,2120,0.0,216132.2971462727,REF
Biogenic CO2,2121,0.0,216132.2971462727,REF
Biogenic CO2,2122,0.0,216132.2971462727,REF
Biogenic CO2,2123,0.0,216132.2971462727,REF
Biogenic CO2,2124,0.0,216132.2971462727,REF
CO2 in air,2025,8955.083478934272,8955.083478934272,REF
CO2 in air,2026,13569.941409217086,22525.024888151358,REF
CO2 in air,2027,12982.37050824919,35507.39539640055,REF
CO2 in air,2028,12395.07656762433,47902.47196402488,REF
CO2 in air,2029,11815.401985304648,59717.87394932953,REF
CO2 in air,2030,11250.454908246007,70968.32885757553,REF
CO2 in air,2031,10686.03523997221,81654.36409754775,REF
CO2 in air,2032,10129.311130130518,91783.67522767826,REF
CO2 in air,2033,9587.214777588302,101370.89000526657,REF
CO2 in air,2034,9045.90259303866,110416.79259830523,REF
CO2 in air,2035,8512.36734166106,118929.15993996628,REF
CO2 in air,2036,7993.364053063566,126922.52399302986,REF
CO2 in air,2037,7475.408591641435,134397.93258467127,REF
CO2 in air,2038,6965.317152506316,141363.2497371776,REF
CO2 in air,2039,6469.666318661804,147832.9160558394,REF
CO2 in air,2040,5975.334520656376,153808.25057649578,REF
CO2 in air,2041,5817.645384265369,159625.89596076115,REF
CO2 in air,2042,5661.71992159164,165287.61588235278,REF
CO2 in air,2043,5507.5637294741555,170795.17961182696,REF
CO2 in air,2044,5355.182539188925,176150.36215101587,REF
CO2 in air,2045,7176.259188162357,183326.62133917824,REF
CO2 in air,2046,5148.463765423391,188475.08510460163,REF
CO2 in air,2047,5092.26593108417,193567.3510356858,REF
CO2 in air,2048,5035.985959006677,198603.33699469248,REF
CO2 in air,2049,4979.621016073824,203582.95801076628,REF
CO2 in air,2050,4923.1681933953805,208506.12620416167,REF
CO2 in air,2051,4885.728272951622,213391.8544771133,REF
CO2 in air,2052,4847.781025718355,218239.63550283166,REF
CO2 in air,2053,4809.321130283396,223048.95663311504,REF
CO2 in air,2054,4770.343122894747,227819.2997560098,REF
CO2 in air,2055,4730.841393252557,232550.14114926234,REF
CO2 in air,2056,4676.55374447454,237226.6948937369,REF
CO2 in air,2057,4622.062925360032,241848.7578190969,REF
CO2 in air,2058,4567.364755749484,246416.1225748464,REF
CO2 in air,2059,4512.454943137569,250928.57751798397,REF
CO2 in air,2060,4457.329079548335,255385.9065975323,REF
CO2 in air,2061,4401.982638319253,259787.88923585156,REF
CO2 in air,2062,4346.410970790333,264134.3002066419,REF
CO2 in air,2063,4290.60930289433,268424.9095095362,REF
CO2 in air,2064,4234.572731643298,272659.4822411795,REF
CO2 in air,2065,6372.598905417259,279032.08114659676,REF
CO2 in air,2066,4121.774600672678,283153.85574726947,REF
CO2 in air,2067,4065.0025571925744,287218.85830446205,REF
CO2 in air,2068,4007.974634988931,291226.832939451,REF
CO2 in air,2069,3950.685229729076,295177.51816918,REF
CO2 in air,2070,3893.1285845458337,299070.6467537259,REF
CO2 in air,2071,3835.298785594099,302905.94553931995,REF
CO2 in air,2072,3777.189757426328,306683.1352967463,REF
CO2 in air,2073,3718.795258166818,310401.9305549131,REF
CO2 in air,2074,3660.1088744601498,314062.0394293733,REF
CO2 in air,2075,3548.1916260836647,317610.2310554569,REF
CO2 in air,2076,0.0,317610.2310554569,REF
CO2 in air,2077,0.0,317610.2310554569,REF
CO2 in air,2078,0.0,317610.2310554569,REF
CO2 in air,2079,0.0,317610.2310554569,REF
CO2 in air,2080,0.0,317610.2310554569,REF
CO2 in air,2081,0.0,317610.2310554569,REF
CO2 in air,2082,0.0,317610.2310554569,REF
CO2 in air,2083,0.0,317610.2310554569,REF
CO2 in air,2084,0.0,317610.2310554569,REF
CO2 in air,2085,0.0,317610.2310554569,REF
CO2 in air,2086,0.0,317610.2310554569,REF
CO2 in air,2087,0.0,317610.2310554569,REF
CO2 in air,2088,0.0,317610.2310554569,REF
CO2 in air,2089,0.0,317610.2310554569,REF
CO2 in air,2090,0.0,317610.2310554569,REF
CO2 in air,2091,0.0,317610.2310554569,REF
CO2 in air,2092,0.0,317610.2310554569,REF
CO2 in air,2093,0.0,317610.2310554569,REF
CO2 in air,2094,0.0,317610.2310554569,REF
CO2 in air,2095,0.0,317610.2310554569,REF
CO2 in air,2096,0.0,317610.2310554569,REF
CO2 in air,2097,0.0,317610.2310554569,REF
CO2 in air,2098,0.0,317610.2310554569,REF
CO2 in air,2099,0.0,317610.2310554569,REF
CO2 in air,2100,0.0,317610.2310554569,REF
CO2 in air,2101,0.0,317610.2310554569,REF
CO2 in air,2102,0.0,317610.2310554569,REF
CO2 in air,2103,0.0,317610.2310554569,REF
CO2 in air,2104,0.0,317610.2310554569,REF
CO2 in air,2105,0.0,317610.2310554569,REF
CO2 in air,2106,0.0,317610.2310554569,REF
CO2 in air,2107,0.0,317610.2310554569,REF
CO2 in air,2108,0.0,317610.2310554569,REF
CO2 in air,2109,0.0,317610.2310554569,REF
CO2 in air,2110,0.0,317610.2310554569,REF
CO2 in air,2111,0.0,317610.2310554569,REF
CO2 in air,2112,0.0,317610.2310554569,REF
CO2 in air,2113,0.0,317610.2310554569,REF
CO2 in air,2114,0.0,317610.2310554569,REF
CO2 in air,2115,0.0,317610.2310554569,REF
CO2 in air,2116,0.0,317610.2310554569,REF
CO2 in air,2117,0.0,317610.2310554569,REF
CO2 in air,2118,0.0,317610.2310554569,REF
CO2 in air,2119,0.0,317610.2310554569,REF
CO2 in air,2120,0.0,317610.2310554569,REF
CO2 in air,2121,0.0,317610.2310554569,REF
CO2 in air,2122,0.0,317610.2310554569,REF
CO2 in air,2123,0.0,317610.2310554569,REF
CO2 in air,2124,0.0,317610.2310554569,REF
Fossil CH4,2025,19467.72747158369,19467.72747158369,REF
Fossil CH4,2026,90319.22143059332,109786.94890217701,REF
Fossil CH4,2027,85852.36011582323,195639.30901800026,REF
Fossil CH4,2028,81317.88850819391,276957.19752619416,REF
Fossil CH4,2029,76783.47103901718,353740.66856521135,REF
Fossil CH4,2030,72316.76739671768,426057.43596192903,REF
Fossil CH4,2031,67782.50391531874,493839.9398772478,REF
Fossil CH4,2032,63248.346979229456,557088.2868564773,REF
Fossil CH4,2033,58781.95712099427,615870.2439774715,REF
Fossil CH4,2034,54248.08225256579,670118.3262300373,REF
Fossil CH4,2035,49714.392140882046,719832.7183709193,REF
Fossil CH4,2036,45248.54934743181,765081.2677183511,REF
Fossil CH4,2037,40715.33063207344,805796.5983504246,REF
Fossil CH4,2038,36182.41123761848,841979.0095880431,REF
Fossil CH4,2039,31717.457554550223,873696.4671425932,REF
Fossil CH4,2040,27185.284861428445,900881.7520040218,REF
Fossil CH4,2041,26601.478944677063,927483.2309486988,REF
Fossil CH4,2042,26017.5914852464,953500.8224339451,REF
Fossil CH4,2043,25433.619286764624,978934.4417207098,REF
Fossil CH4,2044,24849.55922528509,1003784.0009459949,REF
Fossil CH4,2045,26446.610289526707,1030230.6112355216,REF
Fossil CH4,2046,24063.741437815424,1054294.352673337,REF
Fossil CH4,2047,23861.886949386,1078156.239622723,REF
Fossil CH4,2048,23659.830325872033,1101816.069948595,REF
Fossil CH4,2049,23457.55597494031,1125273.6259235353,REF
Fossil CH4,2050,23255.047127313715,1148528.673050849,REF
Fossil CH4,2051,23235.338310481075,1171764.0113613303,REF
Fossil CH4,2052,23215.29083247292,1194979.302193803,REF
Fossil CH4,2053,23194.874996971965,1218174.177190775,REF
Fossil CH4,2054,23174.058503860095,1241348.2356946352,REF
Fossil CH4,2055,23152.80622093184,1264501.041915567,REF
Fossil CH4,2056,23146.87709012954,1287647.9190056964,REF
Fossil CH4,2057,23140.423585164575,1310788.342590861,REF
Fossil CH4,2058,23133.399330223743,1333921.741921085,REF
Fossil CH4,2059,23125.753848002605,1357047.4957690875,REF
Fossil CH4,2060,23117.43219696827,1380164.9279660557,REF
Fossil CH4,2061,23108.37457654168,1403273.3025425973,REF
Fossil CH4,2062,23098.51589736209,1426371.8184399595,REF
Fossil CH4,2063,23087.78531354551,1449459.603753505,REF
Fossil CH4,2064,23076.10571357609,1472535.7094670811,REF
Fossil CH4,2065,24848.08259330416,1497383.7920603852,REF
Fossil CH4,2066,23049.556317141367,1520433.3483775265,REF
Fossil CH4,2067,23034.49573290166,1543467.8441104284,REF
Fossil CH4,2068,23018.103185931963,1566485.9472963603,REF
Fossil CH4,2069,23000.260877036297,1589486.2081733965,REF
Fossil CH4,2070,22980.840588821386,1612467.0487622179,REF
Fossil CH4,2071,22959.702764307985,1635426.751526526,REF
Fossil CH4,2072,22936.69550405444,1658363.4470305804,REF
Fossil CH4,2073,22911.65347458548,1681275.1005051658,REF
Fossil CH4,2074,22884.39672028212,1704159.497225448,REF
Fossil CH4,2075,22834.14909392616,1726993.6463193742,REF
Fossil CH4,2076,0.0,1726993.6463193742,REF
Fossil CH4,2077,0.0,1726993.6463193742,REF
Fossil CH4,2078,0.0,1726993.6463193742,REF
Fossil CH4,2079,0.0,1726993.6463193742,REF
Fossil CH4,2080,0.0,1726993.6463193742,REF
Fossil CH4,2081,0.0,1726993.6463193742,REF
Fossil CH4,2082,0.0,1726993.6463193742,REF
Fossil CH4,2083,0.0,1726993.6463193742,REF
Fossil CH4,2084,0.0,1726993.6463193742,REF
Fossil CH4,2085,0.0,1726993.6463193742,REF
Fossil CH4,2086,0.0,1726993.6463193742,REF
Fossil CH4,2087,0.0,1726993.6463193742,REF
Fossil CH4,2088,0.0,1726993.6463193742,REF
Fossil CH4,2089,0.0,1726993.6463193742,REF
Fossil CH4,2090,0.0,1726993.6463193742,REF
Fossil CH4,2091,0.0,1726993.6463193742,REF
Fossil CH4,2092,0.0,1726993.6463193742,REF
Fossil CH4,2093,0.0,1726993.6463193742,REF
Fossil CH4,2094,0.0,1726993.6463193742,REF
Fossil CH4,2095,0.0,1726993.6463193742,REF
Fossil CH4,2096,0.0,1726993.6463193742,REF
Fossil CH4,2097,0.0,1726993.6463193742,REF
Fossil CH4,2098,0.0,1726993.6463193742,REF
Fossil CH4,2099,0.0,1726993.6463193742,REF
Fossil CH4,2100,0.0,1726993.6463193742,REF
Fossil CH4,2101,0.0,1726993.6463193742,REF
Fossil CH4,2102,0.0,1726993.6463193742,REF
Fossil CH4,2103,0.0,1726993.6463193742,REF
Fossil CH4,2104,0.0,1726993.6463193742,REF
Fossil CH4,2105,0.0,1726993.6463193742,REF
Fossil CH4,2106,0.0,1726993.6463193742,REF
Fossil CH4,2107,0.0,1726993.6463193742,REF
Fossil CH4,2108,0.0,1726993.6463193742,REF
Fossil CH4,2109,0.0,1726993.6463193742,REF
Fossil CH4,2110,0.0,1726993.6463193742,REF
Fossil CH4,2111,0.0,1726993.6463193742,REF
Fossil CH4,2112,0.0,1726993.6463193742,REF
Fossil CH4,2113,0.0,1726993.6463193742,REF
Fossil CH4,2114,0.0,1726993.6463193742,REF
Fossil CH4,2115,0.0,1726993.6463193742,REF
Fossil CH4,2116,0.0,1726993.6463193742,REF
Fossil CH4,2117,0.0,1726993.6463193742,REF
Fossil CH4,2118,0.0,1726993.6463193742,REF
Fossil CH4,2119,0.0,1726993.6463193742,REF
Fossil CH4,2120,0.0,1726993.6463193742,REF
Fossil CH4,2121,0.0,1726993.6463193742,REF
Fossil CH4,2122,0.0,1726993.6463193742,REF
Fossil CH4,2123,0.0,1726993.6463193742,REF
Fossil CH4,2124,0.0,1726993.6463193742,REF
Fossil CO2,2025,204993.0591724761,204993.0591724761,REF
Fossil CO2,2026,589211.4468843796,794204.5060568557,REF
Fossil CO2,2027,554265.7349962041,1348470.2410530597,REF
Fossil CO2,2028,519342.6219374782,1867812.8629905381,REF
Fossil CO2,2029,484905.5596036588,2352718.4225941966,REF
Fossil CO2,2030,451403.2188399138,2804121.6414341107,REF
Fossil CO2,2031,417939.5410297448,3222061.1824638555,REF
Fossil CO2,2032,384966.9882497367,3607028.1707135923,REF
Fossil CO2,2033,352923.1344417136,3959951.3051553057,REF
Fossil CO2,2034,320934.4267399724,4280885.731895278,REF
Fossil CO2,2035,289442.26627406926,4570327.998169348,REF
Fossil CO2,2036,258873.05360486027,4829201.0517742075,REF
Fossil CO2,2037,228375.92817375172,5057576.979947959,REF
Fossil CO2,2038,198381.15596357675,5255958.135911536,REF
Fossil CO2,2039,169303.8841818776,5425262.020093414,REF
Fossil CO2,2040,140316.14165609813,5565578.161749512,REF
Fossil CO2,2041,133961.53431341134,5699539.696062923,REF
Fossil CO2,2042,127698.57437531954,5827238.270438243,REF
Fossil CO2,2043,121527.61845342918,5948765.888891672,REF
Fossil CO2,2044,115449.0319205993,6064214.920812272,REF
Fossil CO2,2045,131793.51556481022,6196008.436377081,REF
Fossil CO2,2046,106670.47463053274,6302678.911007614,REF
Fossil CO2,2047,103908.66143851524,6406587.572446129,REF
Fossil CO2,2048,101177.84953236418,6507765.421978493,REF
Fossil CO2,2049,98478.14133644148,6606243.563314935,REF
Fossil CO2,2050,95809.64189703028,6702053.205211965,REF
Fossil CO2,2051,94435.67870468,6796488.883916645,REF
Fossil CO2,2052,93065.80732666704,6889554.691243312,REF
Fossil CO2,2053,91699.9976019617,6981254.688845274,REF
Fossil CO2,2054,90338.21856200484,7071592.907407279,REF
Fossil CO2,2055,88980.43841450785,7160573.345821787,REF
Fossil CO2,2056,87959.36448976154,7248532.710311548,REF
Fossil CO2,2057,86934.4692182164,7335467.179529765,REF
Fossil CO2,2058,85905.67397698101,7421372.853506746,REF
Fossil CO2,2059,84872.89803009864,7506245.751536844,REF
Fossil CO2,2060,83836.05846977342,7590081.810006618,REF
Fossil CO2,2061,82795.07015588267,7672876.880162501,REF
Fossil CO2,2062,81749.84565370402,7754626.725816204,REF
Fossil CO2,2063,80700.29516978185,7835327.020985986,REF
Fossil CO2,2064,79646.32648584453,7914973.34747183,REF
Fossil CO2,2065,93565.26226499135,8008538.609736823,REF
Fossil CO2,2066,77524.75310982353,8086063.3628466455,REF
Fossil CO2,2067,76456.95123302584,8162520.314079671,REF
Fossil CO2,2068,75384.3366391851,8237904.650718857,REF
Fossil CO2,2069,74306.80391872679,8312211.454637583,REF
Fossil CO2,2070,73224.24479311804,8385435.699430701,REF
Fossil CO2,2071,72136.5480312931,8457572.247461995,REF
Fossil CO2,2072,71043.59936267276,8528615.846824666,REF
Fossil CO2,2073,69945.28138639953,8598561.128211066,REF
Fossil CO2,2074,68841.47347632474,8667402.601687392,REF
Fossil CO2,2075,67670.93487046807,8735073.536557859,REF
Fossil CO2,2076,0.0,8735073.536557859,REF
Fossil CO2,2077,0.0,8735073.536557859,REF
Fossil CO2,2078,0.0,8735073.536557859,REF
Fossil CO2,2079,0.0,8735073.536557859,REF
Fossil CO2,2080,0.0,8735073.536557859,REF
Fossil CO2,2081,0.0,8735073.536557859,REF
Fossil CO2,2082,0.0,8735073.536557859,REF
Fossil CO2,2083,0.0,8735073.536557859,REF
Fossil CO2,2084,0.0,8735073.536557859,REF
Fossil CO2,2085,0.0,8735073.536557859,REF
Fossil CO2,2086,0.0,8735073.536557859,REF
Fossil CO2,2087,0.0,8735073.536557859,REF
Fossil CO2,2088,0.0,8735073.536557859,REF
Fossil CO2,2089,0.0,8735073.536557859,REF
Fossil CO2,2090,0.0,8735073.536557859,REF
Fossil CO2,2091,0.0,8735073.536557859,REF
Fossil CO2,2092,0.0,8735073.536557859,REF
Fossil CO2,2093,0.0,8735073.536557859,REF
Fossil CO2,2094,0.0,8735073.536557859,REF
Fossil CO2,2095,0.0,8735073.536557859,REF
Fossil CO2,2096,0.0,8735073.536557859,REF
Fossil CO2,2097,0.0,8735073.536557859,REF
Fossil CO2,2098,0.0,8735073.536557859,REF
Fossil CO2,2099,0.0,8735073.536557859,REF
Fossil CO2,2100,0.0,8735073.536557859,REF
Fossil CO2,2101,0.0,8735073.536557859,REF
Fossil CO2,2102,0.0,8735073.536557859,REF
Fossil CO2,2103,0.0,8735073.536557859,REF
Fossil CO2,2104,0.0,8735073.536557859,REF
Fossil CO2,2105,0.0,8735073.536557859,REF
Fossil CO2,2106,0.0,8735073.536557859,REF
Fossil CO2,2107,0.0,8735073.536557859,REF
Fossil CO2,2108,0.0,8735073.536557859,REF
Fossil CO2,2109,0.0,8735073.536557859,REF
Fossil CO2,2110,0.0,8735073.536557859,REF
Fossil CO2,2111,0.0,8735073.536557859,REF
Fossil CO2,2112,0.0,8735073.536557859,REF
Fossil CO2,2113,0.0,8735073.536557859,REF
Fossil CO2,2114,0.0,8735073.536557859,REF
Fossil CO2,2115,0.0,8735073.536557859,REF
Fossil CO2,2116,0.0,8735073.536557859,REF
Fossil CO2,2117,0.0,8735073.536557859,REF
Fossil CO2,2118,0.0,8735073.536557859,REF
Fossil CO2,2119,0.0,8735073.536557859,REF
Fossil CO2,2120,0.0,8735073.536557859,REF
Fossil CO2,2121,0.0,8735073.536557859,REF
Fossil CO2,2122,0.0,8735073.536557859,REF
Fossil CO2,2123,0.0,8735073.536557859,REF
Fossil CO2,2124,0.0,8735073.536557859,REF
N2O,2025,1742.11950254938,1742.11950254938,REF
N2O,2026,2476.3520927354457,4218.4715952848255,REF
N2O,2027,2319.6146682176627,6538.086263502488,REF
N2O,2028,2162.4214041212463,8700.507667623735,REF
N2O,2029,2006.9475305318415,10707.455198155576,REF
N2O,2030,1855.3134044438348,12562.768602599412,REF
N2O,2031,1703.337712033413,14266.106314632823,REF
N2O,2032,1553.1554039085934,15819.261718541416,REF
N2O,2033,1406.8450285316046,17226.106747073023,REF
N2O,2034,1260.3112681977336,18486.418015270756,REF
N2O,2035,1115.647676660237,19602.06569193099,REF
N2O,2036,974.8898338646056,20576.955525795598,REF
N2O,2037,834.0308247154586,21410.986350511055,REF
N2O,2038,695.1216577385409,22106.108008249597,REF
N2O,2039,560.153752195125,22666.261760444722,REF
N2O,2040,425.21106943139085,23091.472829876115,REF
N2O,2041,398.60104678459874,23490.073876660714,REF
N2O,2042,372.33514526744057,23862.409021928153,REF
N2O,2043,346.4182656276568,24208.82728755581,REF
N2O,2044,320.85536971757546,24529.682657273384,REF
N2O,2045,593.9579409875271,25123.64059826091,REF
N2O,2046,284.8526083872668,25408.493206648178,REF
N2O,2047,274.1754030388045,25682.66860968698,REF
N2O,2048,263.6216559295633,25946.290265616546,REF
N2O,2049,253.19318050473217,26199.483446121278,REF
N2O,2050,242.89181314974832,26442.375259271026,REF
N2O,2051,238.43677762116437,26680.812036892192,REF
N2O,2052,234.00208794571728,26914.814124837907,REF
N2O,2053,229.5881232479861,27144.402248085895,REF
N2O,2054,225.19526791270675,27369.5975159986,REF
N2O,2055,220.8239116495293,27590.421427648133,REF
N2O,2056,218.5198014326434,27808.941229080774,REF
N2O,2057,216.1944553265269,28025.1356844073,REF
N2O,2058,213.84767761007768,28238.983362017378,REF
N2O,2059,211.47927075832476,28450.462632775703,REF
N2O,2060,209.08903542580384,28659.551668201508,REF
N2O,2061,206.67677042977783,28866.228438631286,REF
N2O,2062,204.24227273330425,29070.47071136459,REF
N2O,2063,201.7853374281452,29272.256048792733,REF
N2O,2064,199.3057577175213,29471.561806510257,REF
N2O,2065,427.7212994095079,29899.283105919763,REF
N2O,2066,194.27782834545567,30093.56093426522,REF
N2O,2067,191.72905549028965,30285.28998975551,REF
N2O,2068,189.15679180659063,30474.4467815621,REF
N2O,2069,186.56082079055193,30661.007602352653,REF
N2O,2070,183.94092394295433,30844.948526295608,REF
N2O,2071,181.29688075077496,31026.245407046383,REF
N2O,2072,178.62846866862736,31204.87387571501,REF
N2O,2073,175.93546310002986,31380.809338815037,REF
N2O,2074,173.2176373785017,31554.02697619354,REF
N2O,2075,167.94021882061352,31721.967195014153,REF
N2O,2076,0.0,31721.967195014153,REF
N2O,2077,0.0,31721.967195014153,REF
N2O,2078,0.0,31721.967195014153,REF
N2O,2079,0.0,31721.967195014153,REF
N2O,2080,0.0,31721.967195014153,REF
N2O,2081,0.0,31721.967195014153,REF
N2O,2082,0.0,31721.967195014153,REF
N2O,2083,0.0,31721.967195014153,REF
N2O,2084,0.0,31721.967195014153,REF
N2O,2085,0.0,31721.967195014153,REF
N2O,2086,0.0,31721.967195014153,REF
N2O,2087,0.0,31721.967195014153,REF
N2O,2088,0.0,31721.967195014153,REF
N2O,2089,0.0,31721.967195014153,REF
N2O,2090,0.0,31721.967195014153,REF
N2O,2091,0.0,31721.967195014153,REF
N2O,2092,0.0,31721.967195014153,REF
N2O,2093,0.0,31721.967195014153,REF
N2O,2094,0.0,31721.967195014153,REF
N2O,2095,0.0,31721.967195014153,REF
N2O,2096,0.0,31721.967195014153,REF
N2O,2097,0.0,31721.967195014153,REF
N2O,2098,0.0,31721.967195014153,REF
N2O,2099,0.0,31721.967195014153,REF
N2O,2100,0.0,31721.967195014153,REF
N2O,2101,0.0,31721.967195014153,REF
N2O,2102,0.0,31721.967195014153,REF
N2O,2103,0.0,31721.967195014153,REF
N2O,2104,0.0,31721.967195014153,REF
N2O,2105,0.0,31721.967195014153,REF
N2O,2106,0.0,31721.967195014153,REF
N2O,2107,0.0,31721.967195014153,REF
N2O,2108,0.0,31721.967195014153,REF
N2O,2109,0.0,31721.967195014153,REF
N2O,2110,0.0,31721.967195014153,REF
N2O,2111,0.0,31721.967195014153,REF
N2O,2112,0.0,31721.967195014153,REF
N2O,2113,0.0,31721.967195014153,REF
N2O,2114,0.0,31721.967195014153,REF
N2O,2115,0.0,31721.967195014153,REF
N2O,2116,0.0,31721.967195014153,REF
N2O,2117,0.0,31721.967195014153,REF
N2O,2118,0.0,31721.967195014153,REF
N2O,2119,0.0,31721.967195014153,REF
N2O,2120,0.0,31721.967195014153,REF
N2O,2121,0.0,31721.967195014153,REF
N2O,2122,0.0,31721.967195014153,REF
N2O,2123,0.0,31721.967195014153,REF
N2O,2124,0.0,31721.967195014153,REF
